service_id,monday,tuesday,wednesday,thursday,friday,saturday,sunday,start_date,end_date
26U-GLOBAUX-00-S,1,1,1,1,1,0,0,20260615,20260821
26U-H50U000S-83-S,1,1,1,1,1,0,0,20260615,20260821
26U-H50U000S-83-SV,0,0,0,0,1,0,0,20260615,20260821
26U-H51U000S-83-S,1,1,1,1,1,0,0,20260615,20260821
26U-H51U000S-83-SV,0,0,0,0,1,0,0,20260615,20260821
26U-H54U000S-81-S,1,1,1,1,1,0,0,20260615,20260821
26U-H56U000S-81-S,1,1,1,1,1,0,0,20260615,20260821
26U-H57U000S-81-S,1,1,1,1,1,0,0,20260615,20260821
26U-H58U000S-80-S,1,1,1,1,1,0,0,20260615,20260821
26U-H59U000S-80-S,1,1,1,1,1,0,0,20260615,20260821
26U-H59U000S-80-SV,0,0,0,0,1,0,0,20260615,20260821
26U-H60U000S-86-S,1,1,1,1,1,0,0,20260615,20260821
26U-GLOBAUX-00-A,0,0,0,0,0,1,0,20260620,20260822
26U-H50U000A-82-A,0,0,0,0,0,1,0,20260620,20260822
26U-H51U000A-83-A,0,0,0,0,0,1,0,20260620,20260822
26U-H54U000A-80-A,0,0,0,0,0,1,0,20260620,20260822
26U-H56U000A-80-A,0,0,0,0,0,1,0,20260620,20260822
26U-H57U000A-80-A,0,0,0,0,0,1,0,20260620,20260822
26U-H58U000A-80-A,0,0,0,0,0,1,0,20260620,20260822
26U-H59U000A-80-A,0,0,0,0,0,1,0,20260620,20260822
26U-H60U000A-85-A,0,0,0,0,0,1,0,20260620,20260822
26U-GLOBAUX-00-I,0,0,0,0,0,0,1,20260621,20260823
26U-H50U000I-82-I,0,0,0,0,0,0,1,20260621,20260823
26U-H51U000I-83-I,0,0,0,0,0,0,1,20260621,20260823
26U-H54U000I-80-I,0,0,0,0,0,0,1,20260621,20260823
26U-H56U000I-80-I,0,0,0,0,0,0,1,20260621,20260823
26U-H57U000I-80-I,0,0,0,0,0,0,1,20260621,20260823
26U-H58U000I-80-I,0,0,0,0,0,0,1,20260621,20260823
26U-H59U000I-80-I,0,0,0,0,0,0,1,20260621,20260823
26U-H60U000I-84-I,0,0,0,0,0,0,1,20260621,20260823
26U-GLOBAUX-01-F1,0,0,1,0,0,0,0,20260624,20260624
26U-H50U100F-80-F1,0,0,1,0,0,0,0,20260624,20260624
26U-H51U100F-80-F1,0,0,1,0,0,0,0,20260624,20260624
26U-H54U100F-80-F1,0,0,1,0,0,0,0,20260624,20260624
26U-H56U100F-80-F1,0,0,1,0,0,0,0,20260624,20260624
26U-H57U100F-80-F1,0,0,1,0,0,0,0,20260624,20260624
26U-H58U100F-80-F1,0,0,1,0,0,0,0,20260624,20260624
26U-H59U100F-80-F1,0,0,1,0,0,0,0,20260624,20260624
26U-H60U100F-85-F1,0,0,1,0,0,0,0,20260624,20260624
26U-GLOBAUX-01-F2,0,0,1,0,0,0,0,20260701,20260701
26U-H50U200F-80-F2,0,0,1,0,0,0,0,20260701,20260701
26U-H51U200F-80-F2,0,0,1,0,0,0,0,20260701,20260701
26U-H54U200F-82-F2,0,0,1,0,0,0,0,20260701,20260701
26U-H56U200F-80-F2,0,0,1,0,0,0,0,20260701,20260701
26U-H57U200F-80-F2,0,0,1,0,0,0,0,20260701,20260701
26U-H58U200F-80-F2,0,0,1,0,0,0,0,20260701,20260701
26U-H59U200F-80-F2,0,0,1,0,0,0,0,20260701,20260701
26U-H60U200F-83-F2,0,0,1,0,0,0,0,20260701,20260701
26S-GLOBAUX-01-S,1,1,1,1,1,0,0,20260824,20261023
26S-H50S000S-82-S,1,1,1,1,1,0,0,20260824,20261023
26S-H50S000S-82-SV,0,0,0,0,1,0,0,20260824,20261023
26S-H51S000S-81-S,1,1,1,1,1,0,0,20260824,20261023
26S-H51S000S-81-SV,0,0,0,0,1,0,0,20260824,20261023
26S-H54S000S-80-S,1,1,1,1,1,0,0,20260824,20261023
26S-H56S000S-82-S,1,1,1,1,1,0,0,20260824,20261023
26S-H57S000S-80-S,1,1,1,1,1,0,0,20260824,20261023
26S-H58S000S-83-S,1,1,1,1,1,0,0,20260824,20261023
26S-H59S000S-80-S,1,1,1,1,1,0,0,20260824,20261023
26S-H59S000S-80-SV,0,0,0,0,1,0,0,20260824,20261023
26S-H60S000S-83-S,1,1,1,1,1,0,0,20260824,20261023
26S-GLOBAUX-01-A,0,0,0,0,0,1,0,20260829,20261024
26S-H50S000A-82-A,0,0,0,0,0,1,0,20260829,20261024
26S-H51S000A-80-A,0,0,0,0,0,1,0,20260829,20261024
26S-H54S000A-80-A,0,0,0,0,0,1,0,20260829,20261024
26S-H56S000A-80-A,0,0,0,0,0,1,0,20260829,20261024
26S-H57S000A-80-A,0,0,0,0,0,1,0,20260829,20261024
26S-H58S000A-80-A,0,0,0,0,0,1,0,20260829,20261024
26S-H59S000A-80-A,0,0,0,0,0,1,0,20260829,20261024
26S-H60S000A-80-A,0,0,0,0,0,1,0,20260829,20261024
26S-GLOBAUX-01-I,0,0,0,0,0,0,1,20260830,20261025
26S-H50S000I-82-I,0,0,0,0,0,0,1,20260830,20261025
26S-H51S000I-80-I,0,0,0,0,0,0,1,20260830,20261025
26S-H54S000I-80-I,0,0,0,0,0,0,1,20260830,20261025
26S-H56S000I-80-I,0,0,0,0,0,0,1,20260830,20261025
26S-H57S000I-80-I,0,0,0,0,0,0,1,20260830,20261025
26S-H58S000I-80-I,0,0,0,0,0,0,1,20260830,20261025
26S-H59S000I-81-I,0,0,0,0,0,0,1,20260830,20261025
26S-H60S000I-81-I,0,0,0,0,0,0,1,20260830,20261025
26S-GLOBAUX-01-F1,1,0,0,0,0,0,0,20260907,20260907
26S-H50S100F-80-F1,1,0,0,0,0,0,0,20260907,20260907
26S-H51S100F-80-F1,1,0,0,0,0,0,0,20260907,20260907
26S-H54S100F-80-F1,1,0,0,0,0,0,0,20260907,20260907
26S-H56S100F-80-F1,1,0,0,0,0,0,0,20260907,20260907
26S-H57S100F-80-F1,1,0,0,0,0,0,0,20260907,20260907
26S-H58S100F-80-F1,1,0,0,0,0,0,0,20260907,20260907
26S-H59S100F-80-F1,1,0,0,0,0,0,0,20260907,20260907
26S-H60S100F-80-F1,1,0,0,0,0,0,0,20260907,20260907
26S-GLOBAUX-01-F2,1,0,0,0,0,0,0,20261012,20261012
26S-H50S200F-80-F2,1,0,0,0,0,0,0,20261012,20261012
26S-H51S200F-80-F2,1,0,0,0,0,0,0,20261012,20261012
26S-H54S200F-80-F2,1,0,0,0,0,0,0,20261012,20261012
26S-H56S200F-80-F2,1,0,0,0,0,0,0,20261012,20261012
26S-H57S200F-80-F2,1,0,0,0,0,0,0,20261012,20261012
26S-H58S200F-80-F2,1,0,0,0,0,0,0,20261012,20261012
26S-H59S200F-80-F2,1,0,0,0,0,0,0,20261012,20261012
26S-H60S200F-80-F2,1,0,0,0,0,0,0,20261012,20261012
