route_pattern_id,route_id,direction_id,route_pattern_typicality
1_1071,1,0,0
1_1072,1,1,0
2_166,2,0,0
2_236,2,1,0
2_237,2,0,0
2_238,2,1,0
2_239,2,0,0
4_24,4,1,0
4_25,4,0,0
5_1762,5,1,0
5_1763,5,0,0
10_1,10,0,1
10_2,10,1,1
10_6,10,0,1
11_14,11,0,1
11_17,11,1,1
11_19,11,0,1
11_20,11,1,1
12_1,12,1,1
12_2,12,0,1
12_12,12,1,1
12_13,12,0,1
13_11,13,0,0
13_12,13,1,0
13_13,13,1,1
13_14,13,0,1
13_17,13,0,1
13_18,13,0,0
14_1,14,0,1
14_2,14,1,1
14_9,14,1,1
14_10,14,0,1
16_1,16,1,1
16_3,16,0,1
16_9,16,0,1
16_10,16,1,1
17_11,17,1,0
17_12,17,1,1
17_13,17,0,1
17_14,17,1,1
17_15,17,0,1
17_16,17,1,0
18_18,18,0,1
18_19,18,1,0
18_20,18,0,0
18_21,18,1,1
18_24,18,0,1
18_25,18,1,1
18_26,18,0,0
18_27,18,1,0
20_1,20,1,1
20_4,20,0,1
20_5,20,1,0
20_6,20,0,0
20_7,20,1,1
20_8,20,0,1
20_9,20,0,0
20_10,20,1,0
22_1,22,1,1
22_2,22,0,1
22_8,22,1,1
22_9,22,0,1
24_1,24,1,1
24_2,24,0,1
24_3,24,0,0
24_4,24,1,0
24_21,24,1,0
24_23,24,0,1
24_24,24,1,1
24_25,24,0,0
25_1,25,1,1
25_2,25,0,1
26_1,26,1,0
26_2,26,1,1
26_3,26,0,1
26_8,26,0,1
26_9,26,1,1
27_1,27,0,1
27_2,27,1,1
27_6,27,0,1
27_7,27,1,1
28_3,28,0,0
28_15,28,0,1
28_16,28,1,1
28_17,28,1,0
28_18,28,1,0
28_19,28,1,1
28_20,28,0,1
28_21,28,0,0
28_22,28,1,0
29_1,29,1,1
29_2,29,0,0
29_3,29,0,1
31_8,31,0,1
31_10,31,1,1
31_11,31,1,1
31_12,31,0,1
32_2,32,1,1
32_3,32,0,1
32_19,32,0,1
32_20,32,1,1
33_1,33,0,1
33_2,33,1,1
33_3,33,0,0
33_4,33,1,0
33_5,33,0,0
33_23,33,1,0
33_24,33,0,1
33_25,33,1,1
33_26,33,0,0
33_27,33,0,0
34_1,34,1,1
34_2,34,0,1
34_7,34,0,1
34_8,34,1,1
35_22,35,1,1
35_23,35,0,1
35_36,35,0,1
35_37,35,1,1
36_23,36,1,1
36_24,36,0,1
36_25,36,0,1
36_26,36,1,1
37_1,37,0,1
37_11,37,1,1
37_12,37,1,1
37_13,37,0,1
38_22,38,1,1
38_23,38,0,1
38_24,38,1,1
38_25,38,0,1
39_1,39,0,1
39_2,39,1,1
39_4,39,0,1
39_5,39,1,1
40_1,40,0,1
40_2,40,1,1
40_8,40,1,1
40_9,40,0,1
40_10,40,0,0
40_11,40,1,0
41_2,41,1,1
41_9,41,0,1
41_12,41,1,1
41_13,41,0,1
41_14,41,1,0
43_2,43,0,1
43_14,43,1,1
43_17,43,1,1
43_18,43,0,1
44_1,44,1,1
44_2,44,0,1
44_3,44,0,0
44_13,44,0,1
44_14,44,1,1
44_15,44,0,0
45_2,45,0,0
45_3,45,0,1
45_4,45,1,1
45_15,45,1,1
45_16,45,0,1
45_17,45,0,0
47_1,47,0,1
47_2,47,1,1
47_7,47,0,1
48_7,48,1,1
48_8,48,0,1
48_9,48,1,0
48_10,48,0,0
48_34,48,1,1
48_37,48,1,0
48_38,48,0,0
48_39,48,0,1
49_8,49,0,1
49_35,49,1,1
49_36,49,1,0
49_37,49,1,0
49_38,49,1,1
49_40,49,1,0
49_41,49,1,0
49_43,49,1,0
49_44,49,0,1
49_45,49,0,0
50_14,50,1,1
50_15,50,0,1
50_16,50,0,1
51_1,51,0,1
51_2,51,1,1
51_3,51,1,0
51_4,51,0,0
51_22,51,0,0
51_29,51,1,1
51_30,51,1,0
51_32,51,0,1
51_33,51,0,0
51_34,51,0,0
52_2,52,1,0
52_4,52,1,1
52_5,52,0,1
52_6,52,0,0
52_7,52,0,1
52_8,52,1,0
52_9,52,1,1
52_10,52,0,0
54_13,54,0,1
54_14,54,1,1
54_15,54,0,0
54_16,54,1,0
54_18,54,1,1
54_22,54,1,0
54_23,54,0,1
54_24,54,0,0
55_20,55,1,1
55_21,55,0,1
55_22,55,1,1
55_24,55,0,1
56_2,56,1,1
56_3,56,0,1
56_4,56,0,0
56_5,56,1,0
56_6,56,1,1
56_7,56,0,1
57_1,57,1,1
57_2,57,0,1
57_8,57,0,1
57_9,57,1,1
61_2,61,1,0
61_3,61,0,0
61_5,61,0,1
61_6,61,1,1
61_23,61,1,1
61_24,61,0,1
61_25,61,1,0
61_26,61,0,0
63_1,63,1,1
63_2,63,0,1
63_8,63,0,1
63_9,63,1,1
64_7,64,1,1
64_8,64,0,1
64_9,64,0,1
66_1,66,1,0
66_2,66,0,0
66_3,66,0,1
66_4,66,1,1
66_10,66,0,1
66_11,66,1,1
66_12,66,0,0
66_13,66,1,0
67_1,67,1,1
67_2,67,0,1
67_16,67,0,1
67_17,67,1,1
68_26,68,0,1
68_27,68,1,1
68_28,68,1,0
68_29,68,0,0
68_31,68,0,1
68_32,68,1,1
68_33,68,0,0
68_34,68,1,0
69_27,69,1,1
69_28,69,0,1
69_29,69,0,1
69_31,69,1,1
70_9,70,1,1
70_10,70,0,1
70_11,70,0,0
70_12,70,1,0
70_13,70,0,0
70_14,70,0,1
71_1,71,0,1
71_11,71,1,1
71_12,71,1,1
71_13,71,0,1
72_11,72,1,1
72_12,72,0,1
72_13,72,0,0
72_14,72,1,0
72_21,72,1,1
72_22,72,0,0
72_23,72,0,1
72_24,72,1,0
73_3,73,0,1
73_4,73,0,1
74_1,74,1,1
74_2,74,0,1
74_3,74,1,0
74_7,74,0,1
74_8,74,1,1
74_9,74,1,0
79_1,79,1,1
79_3,79,0,1
79_4,79,0,1
79_8,79,1,1
80_1,80,0,1
80_2,80,1,1
80_3,80,1,0
80_12,80,1,1
80_13,80,0,1
81_22,81,0,1
81_23,81,1,1
81_27,81,0,1
81_28,81,1,1
85_1,85,0,1
85_2,85,1,1
85_13,85,0,1
85_15,85,1,1
86_2,86,0,1
86_3,86,1,1
86_22,86,1,1
86_23,86,0,1
90_3,90,0,0
90_4,90,1,1
90_16,90,0,1
90_18,90,1,1
90_19,90,0,1
90_20,90,0,0
92_11,92,1,1
92_12,92,0,1
92_13,92,1,1
92_14,92,0,1
93_2,93,0,1
93_3,93,1,1
93_9,93,1,1
93_10,93,0,1
94_1,94,1,1
94_2,94,0,1
94_7,94,0,1
94_8,94,1,1
95_1,95,1,1
95_2,95,0,1
95_9,95,0,1
95_10,95,1,1
97_1,97,1,1
97_16,97,0,1
97_17,97,1,1
97_18,97,0,1
97_19,97,1,0
99_1,99,0,1
99_2,99,1,1
99_5,99,0,1
99_6,99,1,1
100_13,100,1,1
100_14,100,0,1
100_15,100,1,0
100_16,100,1,0
100_17,100,0,1
100_18,100,1,1
101_9,101,0,1
101_10,101,1,1
101_12,101,0,1
101_13,101,1,1
102_1,102,0,1
102_2,102,1,1
102_5,102,1,1
102_6,102,0,1
103_1,103,0,1
103_2,103,1,1
103_9,103,1,1
103_10,103,0,1
104_12,104,1,1
104_20,104,0,1
104_21,104,0,1
104_22,104,1,1
105_1,105,1,1
105_2,105,0,1
105_3,105,0,0
105_8,105,1,1
105_9,105,0,1
105_10,105,0,0
106_1,106,1,1
106_2,106,0,1
106_9,106,1,1
106_10,106,0,1
107_1,107,0,1
107_2,107,1,1
107_15,107,1,1
107_16,107,0,1
108_1,108,0,1
108_11,108,1,1
108_12,108,0,1
108_13,108,1,1
110_19,110,0,1
110_20,110,1,1
110_21,110,0,1
110_22,110,1,1
112_1,112,0,1
112_14,112,1,1
112_15,112,0,1
112_16,112,1,1
113_1,113,1,1
113_2,113,0,1
113_11,113,1,1
113_12,113,0,1
114_11,114,0,1
114_12,114,1,1
114_22,114,0,1
114_23,114,1,1
117_6,117,0,1
117_7,117,1,1
119_6,119,1,1
119_7,119,0,1
119_8,119,1,1
119_9,119,0,1
120_1,120,0,1
120_3,120,1,1
120_4,120,0,1
120_5,120,1,1
121_1,121,0,1
121_3,121,1,0
121_22,121,1,1
121_23,121,0,1
121_24,121,1,1
121_25,121,1,0
121_26,121,0,0
123_1,123,0,1
123_2,123,1,1
123_7,123,0,1
123_8,123,1,1
124_10,124,1,1
124_11,124,0,1
124_12,124,1,1
124_13,124,0,1
125_1,125,1,1
125_2,125,0,1
125_3,125,0,0
125_4,125,1,0
125_11,125,1,0
125_12,125,0,0
125_13,125,0,1
125_14,125,1,1
127_1,127,0,1
127_6,127,1,1
127_7,127,0,1
127_9,127,1,1
128_22,128,0,1
128_23,128,1,1
128_24,128,1,1
128_25,128,0,1
129_2,129,0,1
129_4,129,0,0
129_5,129,0,0
129_28,129,1,1
129_29,129,1,0
129_30,129,1,0
129_31,129,0,1
129_32,129,1,1
129_33,129,0,0
129_34,129,1,0
129_35,129,1,0
129_36,129,0,0
131_1,131,1,1
131_2,131,0,1
131_3,131,0,0
131_4,131,1,0
131_5,131,1,0
131_6,131,1,1
131_7,131,0,1
131_8,131,0,0
131_9,131,1,0
131_10,131,1,0
136_1,136,1,1
136_2,136,0,1
136_11,136,0,1
136_12,136,1,1
138_13,138,1,1
138_14,138,0,1
138_15,138,0,1
138_16,138,1,1
139_1,139,1,1
139_2,139,0,1
139_12,139,1,1
139_13,139,0,1
140_11,140,1,1
140_12,140,0,1
140_13,140,1,0
140_14,140,0,0
140_15,140,1,1
140_17,140,1,0
140_19,140,0,1
140_20,140,0,0
141_1,141,0,1
141_2,141,0,0
141_3,141,1,1
141_4,141,1,0
141_18,141,0,1
141_19,141,1,1
141_20,141,1,0
141_21,141,0,0
144_1,144,1,1
144_6,144,0,1
144_7,144,0,1
144_8,144,1,1
150_1,150,1,1
150_2,150,0,1
150_7,150,0,1
150_8,150,1,1
155_1,155,0,1
155_2,155,1,1
155_3,155,0,1
155_4,155,1,1
160_16,160,1,1
160_17,160,0,1
160_18,160,1,1
160_19,160,0,1
161_18,161,0,1
161_19,161,1,1
161_20,161,1,1
161_21,161,0,1
162_1,162,0,1
162_2,162,1,1
162_9,162,1,1
164_2,164,1,1
164_3,164,0,1
164_13,164,0,1
164_14,164,1,1
165_1,165,0,1
165_2,165,1,1
165_14,165,0,1
165_15,165,1,1
166_1,166,1,1
166_2,166,0,1
166_5,166,1,0
166_6,166,0,0
166_16,166,1,1
166_17,166,0,1
166_18,166,0,0
166_19,166,1,0
168_1,168,0,1
168_2,168,1,1
168_8,168,0,1
168_9,168,1,1
170_10,170,1,1
170_11,170,0,1
170_12,170,0,1
170_13,170,1,1
171_18,171,1,1
171_19,171,0,1
171_21,171,0,1
171_22,171,1,1
172_1,172,1,1
172_11,172,0,1
172_12,172,1,1
172_13,172,0,1
174_4,174,1,1
174_5,174,0,1
174_7,174,0,1
174_8,174,1,1
175_7,175,1,1
175_8,175,0,1
175_10,175,0,1
175_11,175,1,1
176_1,176,1,1
176_11,176,0,1
176_14,176,0,1
176_15,176,1,1
177_7,177,0,1
177_8,177,1,1
177_9,177,1,0
177_10,177,0,0
177_11,177,0,1
177_12,177,1,1
177_13,177,0,0
177_14,177,1,0
179_1,179,0,1
179_2,179,1,1
179_3,179,1,0
179_11,179,0,1
179_12,179,1,1
179_13,179,1,0
180_12,180,0,1
180_14,180,1,1
180_17,180,1,1
180_18,180,0,1
183_1,183,0,1
183_2,183,1,1
183_3,183,1,1
183_4,183,0,1
185_1,185,1,1
185_2,185,0,1
185_3,185,1,0
185_13,185,0,1
185_15,185,1,1
186_1,186,0,1
186_2,186,1,1
186_3,186,1,0
186_13,186,0,1
186_14,186,1,1
187_1,187,1,1
187_2,187,0,1
187_12,187,1,1
187_13,187,0,1
187_14,187,1,0
187_15,187,0,0
188_1,188,0,1
188_2,188,1,1
188_3,188,0,0
188_4,188,1,0
188_6,188,0,0
188_7,188,1,0
188_8,188,0,1
188_9,188,1,1
189_1,189,0,1
189_2,189,1,1
189_3,189,1,0
189_17,189,0,0
189_18,189,0,1
189_19,189,1,1
189_20,189,1,0
190_1,190,1,1
190_4,190,0,1
190_8,190,1,1
190_9,190,0,1
192_1,192,1,1
192_2,192,0,1
192_12,192,0,1
192_13,192,1,1
192_14,192,1,0
193_1,193,0,1
193_2,193,1,1
193_17,193,0,1
193_18,193,1,1
195_4,195,0,1
195_21,195,1,1
195_22,195,1,0
195_23,195,1,1
195_24,195,0,1
195_25,195,1,0
196_15,196,1,1
196_16,196,0,1
196_17,196,1,0
196_18,196,1,0
196_19,196,0,1
196_20,196,1,1
196_21,196,1,0
196_22,196,1,0
197_1,197,1,1
197_4,197,1,0
197_20,197,0,1
197_21,197,0,0
197_22,197,0,1
197_23,197,0,0
198_34,198,1,1
198_35,198,0,1
198_36,198,1,0
198_37,198,0,0
198_38,198,0,1
198_39,198,1,1
198_40,198,0,0
198_41,198,1,0
200_7,200,0,1
200_9,200,1,1
200_10,200,1,1
200_11,200,0,1
201_22,201,1,1
201_23,201,0,1
201_24,201,0,1
201_25,201,1,1
202_19,202,1,1
202_21,202,0,0
202_22,202,0,1
202_23,202,0,1
202_24,202,1,1
202_25,202,0,0
203_14,203,1,1
203_15,203,0,1
203_16,203,0,1
203_17,203,1,1
204_9,204,1,1
204_10,204,0,1
204_11,204,0,1
204_12,204,1,1
205_8,205,1,1
205_9,205,0,1
205_10,205,0,1
205_11,205,1,1
206_5,206,0,1
206_6,206,1,1
206_7,206,0,1
206_8,206,1,1
207_5,207,1,1
207_6,207,0,1
207_7,207,1,1
207_8,207,0,1
208_8,208,0,1
208_9,208,1,1
208_10,208,1,1
208_11,208,0,1
209_10,209,0,1
209_11,209,1,1
209_12,209,0,1
209_14,209,1,1
210_1,210,0,1
210_2,210,1,1
210_3,210,1,1
210_4,210,0,1
211_17,211,1,1
211_18,211,1,0
211_19,211,0,1
211_20,211,0,0
211_23,211,1,1
211_24,211,0,1
211_25,211,1,0
211_26,211,0,0
212_3,212,0,1
212_4,212,0,1
214_1,214,0,1
214_2,214,1,1
214_3,214,0,1
214_4,214,1,1
215_14,215,0,1
215_15,215,1,1
215_16,215,0,0
215_17,215,1,0
215_18,215,0,1
215_19,215,1,1
215_20,215,1,0
215_21,215,0,0
216_5,216,1,1
216_6,216,0,1
216_7,216,0,1
216_8,216,1,1
218_4,218,1,1
218_5,218,0,1
218_6,218,0,1
218_7,218,1,1
220_4,220,0,1
220_5,220,1,1
220_6,220,1,1
220_8,220,0,1
221_1,221,1,1
221_2,221,0,1
221_3,221,1,1
221_4,221,0,1
222_2,222,0,1
222_3,222,0,1
223_3,223,0,1
223_4,223,0,1
225_12,225,1,1
225_13,225,0,1
225_16,225,1,1
225_17,225,0,1
227_1,227,0,1
227_3,227,1,1
227_4,227,0,1
227_5,227,1,1
229_1,229,1,1
229_2,229,0,1
229_3,229,1,1
229_4,229,0,1
230_5,230,0,1
230_6,230,1,1
230_8,230,1,0
230_9,230,0,0
230_12,230,0,1
230_13,230,1,1
230_14,230,0,0
230_15,230,1,0
350_1,350,1,1
350_2,350,0,1
350_3,350,1,1
350_4,350,0,1
353_4,353,1,1
353_5,353,0,1
353_6,353,1,1
353_7,353,0,1
354_1,354,1,1
354_2,354,0,1
354_4,354,1,1
354_5,354,0,1
355_1,355,0,1
355_2,355,1,1
355_3,355,1,1
355_4,355,0,1
356_3,356,1,1
356_6,356,0,1
356_7,356,0,1
356_9,356,1,1
357_1,357,0,1
357_2,357,1,1
357_3,357,0,1
357_4,357,1,1
358_1,358,0,1
358_2,358,1,1
358_3,358,1,1
358_4,358,0,1
359_4,359,1,1
359_5,359,0,1
359_6,359,1,1
359_7,359,0,1
360_2,360,1,1
360_3,360,0,1
360_4,360,1,1
360_5,360,0,1
361_4,361,1,1
361_5,361,0,1
361_6,361,1,0
361_7,361,1,1
361_8,361,0,1
361_9,361,1,0
362_1,362,1,1
362_2,362,0,1
362_5,362,1,1
362_6,362,0,1
363_2,363,1,1
363_3,363,0,1
363_4,363,1,1
363_5,363,0,1
364_1,364,1,1
364_2,364,0,1
364_3,364,1,1
364_4,364,0,1
365_4,365,1,1
365_5,365,0,1
365_6,365,1,1
365_7,365,0,1
368_1,368,1,1
368_4,368,0,1
368_5,368,1,1
368_6,368,0,1
369_1,369,1,1
369_2,369,0,1
369_3,369,0,1
369_4,369,1,1
370_3,370,1,1
370_5,370,0,1
370_6,370,0,1
370_7,370,1,1
371_2,371,0,1
371_3,371,1,1
371_4,371,1,1
371_5,371,0,1
372_2,372,1,1
372_3,372,0,0
372_4,372,0,1
372_5,372,1,1
372_6,372,0,1
372_7,372,0,0
376_1,376,0,1
376_2,376,1,1
376_3,376,0,1
376_4,376,1,1
378_2,378,0,1
378_4,378,1,1
378_5,378,0,1
378_6,378,1,1
380_6,380,0,0
380_7,380,1,1
380_8,380,0,1
380_10,380,0,1
380_11,380,0,0
380_12,380,1,1
382_1,382,0,1
382_4,382,1,1
382_5,382,0,1
382_6,382,1,1
410_7,410,1,1
410_8,410,0,1
410_9,410,1,1
410_10,410,0,1
411_5,411,0,1
411_6,411,1,1
411_8,411,0,1
411_10,411,1,1
420_1,420,0,1
420_2,420,1,1
420_4,420,1,1
420_5,420,0,1
428_1,428,0,1
428_14,428,1,1
428_16,428,1,1
428_17,428,0,1
430_8,430,1,1
430_9,430,0,1
430_10,430,1,1
430_11,430,0,1
432_2,432,1,0
432_3,432,0,0
432_7,432,1,0
432_8,432,1,1
432_9,432,0,1
432_14,432,1,0
432_15,432,0,0
432_16,432,1,0
432_17,432,1,1
432_18,432,0,1
439_1,439,0,0
439_2,439,1,0
439_3,439,1,1
439_4,439,0,1
439_5,439,1,0
439_6,439,0,0
439_26,439,1,1
439_27,439,1,0
439_28,439,0,1
439_29,439,0,0
439_30,439,0,0
439_31,439,1,0
440_1,440,1,1
440_3,440,1,0
440_7,440,0,1
440_8,440,0,0
440_10,440,1,1
440_11,440,1,0
444_3,444,0,1
444_4,444,1,1
445_17,445,0,1
445_18,445,1,1
445_19,445,0,1
445_20,445,1,1
448_1,448,0,0
448_2,448,1,1
448_3,448,0,1
448_4,448,1,0
448_6,448,1,1
448_7,448,0,0
448_8,448,0,1
448_9,448,1,0
449_2,449,0,1
449_3,449,1,1
449_13,449,1,1
449_14,449,0,1
460_1,460,1,1
460_2,460,1,0
460_3,460,1,0
460_4,460,0,1
460_5,460,1,0
460_6,460,0,0
460_23,460,1,0
460_24,460,0,1
460_25,460,0,0
460_26,460,1,1
460_27,460,1,0
460_28,460,1,0
467_1,467,0,1
467_2,467,1,1
467_7,467,0,1
467_8,467,1,1
468_11,468,1,1
468_12,468,0,1
468_15,468,0,1
468_16,468,1,1
469_1,469,0,1
469_2,469,1,1
469_6,469,0,1
469_7,469,1,1
470_18,470,0,1
470_19,470,1,1
470_22,470,0,1
470_23,470,1,1
475_3,475,1,1
475_4,475,0,1
475_5,475,0,1
475_6,475,1,1
480_1,480,1,1
480_2,480,0,1
480_3,480,0,0
480_23,480,1,1
480_24,480,0,0
480_25,480,0,1
486_1,486,0,1
486_2,486,1,1
486_5,486,1,1
486_6,486,0,1
487_1,487,1,1
487_2,487,0,1
487_4,487,0,0
487_5,487,1,0
487_7,487,1,1
487_8,487,0,1
487_9,487,1,0
487_10,487,0,0
491_1,491,1,1
491_2,491,0,1
491_5,491,1,1
491_6,491,0,1
496_1,496,0,1
496_2,496,1,1
496_10,496,0,1
496_11,496,1,1
711_73,711,0,1
711_75,711,1,1
711_77,711,0,1
711_78,711,1,1
747_3,747,1,0
747_4,747,0,0
747_12,747,0,1
747_13,747,1,1
747_14,747,0,0
747_15,747,1,0
747_16,747,1,1
747_17,747,0,1
767_1,767,1,1
767_2,767,0,1
768_1,768,1,1
768_11,768,0,1
769_1,769,0,1
769_2,769,1,1
769_3,769,0,1
769_19,769,1,1
777_1,777,0,1
777_2,777,1,1
777_5,777,1,0
777_6,777,0,0
777_13,777,0,0
777_14,777,1,0
777_15,777,0,1
777_42,777,1,1
811_11,811,0,1
811_13,811,0,1
814_1,814,0,1
814_2,814,0,1
815_16,815,1,1
815_17,815,0,1
822_1,822,0,1
822_10,822,0,1
872_1,872,0,1
872_7,872,1,1
872_8,872,0,1
872_9,872,1,1
